[ADSB]
processPath = dump1090
processName = dump1090.exe

adsbHost = 192.168.24.29
adsbPort = 30005
riPort = 30001
sbsPort = 30003

[BBOX]
latNR = 60.590066
lonNR = 33.572819
latSL = 58.366481
lonSL = 28.187028