length=25
useCustomArea=0
leftBottomX = 33.70144
leftBottomY = 46.11705
rightTopX = 34.70132
rightTopY = 45.86588 