
[1]
Name=1
Latitude1=46.018133
longitude1=34.153769
Latitude2=45.819489
longitude2=34.023650